1   -4.48
2   -9.30
3   -5.05
4   -4.72
5   1.38
6   -0.16
7   -4.24
8   -4.36
9   1.68
10  0.29
11  -4.09
12  -4.47
13  1.66
14  0.01
15  -4.83
16  2.85
17  2.50
18  2.88
19  -3.64
20  -3.04
21  -3.29
22  -6.77
23  2.52
24  2.32
25  1.16
26  -2.88
27  -3.53
28  1.34
29  -2.89
30  -3.41
31  -2.93
32  -2.67
33  -3.50
34  -6.70
35  -3.85
36  -4.58
37  -5.08
38  -2.45
39  -4.23
40  -4.02
41  -0.87
42  -3.18
43  -6.36
44  0.04
45  -2.55
46  1.58
47  1.23
48  1.20
49  -5.49
50  -4.68
51  0.56
52  0.75
53  -1.76
54  -1.92
55  1.83
56  -5.01
57  1.27
58  -3.10
59  -0.80
60  -2.65
61  -5.32
62  -2.22
63  -0.01
64  -6.21
65  2.33
66  -8.58
67  -4.76
68  2.00
69  -5.11
70  1.71
71  -3.32
72  -3.91
73  -2.83
74  -2.78
75  -2.49
76  -2.01
77  -2.04
78  -2.57
79  -5.28
80  -2.93
81  -1.66
82  -5.49
83  -9.51
84  -0.84
85  -2.39
86  2.08
87  2.62
88  2.49
89  2.89
90  2.33
91  1.96
92  -2.29
93  -5.87
94  -0.90
95  -3.03
96  -6.16
97  -2.45
98  -6.62
99  -3.44
100 -6.47
101 1.27
102 -2.86
103 -0.31
104 -6.14
105 -10.48
106 -0.81
107 0.61
108 -3.47
109 -3.12
110 -0.89
111 -4.51
112 -2.21
113 -11.68
114 -6.31
115 -0.53
116 -4.48
117 -9.63
118 -9.72
119 -10.40
120 -3.08
121 -3.34
122 -4.86
123 -4.72
124 -4.60
125 -5.51
126 -6.55
127 -5.56
128 -4.63
129 -5.57
130 -3.59
131 -3.14
132 -5.22
133 -4.84
134 -9.92
135 -5.57
136 -4.77
137 -4.74
138 -5.55
139 -4.94
140 -13.60
141 -3.58
142 -7.58
143 -4.62
144 -10.00
145 -4.68
146 -6.34
147 -7.77
148 -9.71
149 -3.89
150 -4.29
151 -5.49
152 -5.56
153 -10.90
154 -4.10
155 -3.64
156 -4.29
157 -4.07
158 -4.29
159 -3.66
160 -4.50
161 -6.26
162 -4.56
163 -5.31
164 -7.17
165 -4.12
166 -3.71
167 -3.95
168 -4.10
169 -7.40
170 -5.11
171 -3.85
172 -4.39
173 -4.70
174 -5.48
175 -3.23
176 -13.80
177 -1.05
178 -2.73
179 -1.63
180 -1.43
181 -1.83
182 -1.54
183 -1.27
184 -1.30
185 -0.70
186 -1.24
187 -1.42
188 -2.55
189 -6.27
190 -7.62
191 -5.10
192 -6.92
193 0.60
194 -7.80
195 -8.70
196 -6.10
197 -1.15
198 -3.77
199 -0.25
200 -4.16
201 -1.95
202 1.77
203 -0.11
204 -1.36
205 -0.76
206 -1.01
207 -0.41
208 -0.08
209 -0.56
210 0.52
211 -0.13
212 -1.95
213 -0.03
214 0.07
215 -0.27
216 0.06
217 0.11
218 -0.12
219 -4.31
220 -1.99
221 -2.73
222 -6.61
223 -2.45
224 -5.22
225 -10.81
226 -0.48
227 0.07
228 0.07
229 -0.25
230 -9.00
231 -0.86
232 -0.57
233 -11.96
234 -7.28
235 -4.09
236 -3.92
237 -1.46
238 -0.70
239 -0.82
240 -2.37
241 -0.93
242 1.79
243 -1.12
244 -0.50
245 -0.63
246 -0.59
247 -0.77
248 -1.07
249 -0.56
250 2.86
251 -1.92
252 -2.11
253 -1.36
254 -3.86
255 1.69
256 -5.06
257 -5.70
258 0.78
259 -0.22
260 -1.40
261 3.94
262 4.28
263 -1.15
264 -7.13
265 -1.39
266 -2.30
267 0.05
268 3.16
269 -1.98
270 -0.39
271 0.82
